function [pcolor] = loadcolor
pcolor=[];


% semilogx(ts1,his1,'--ks','LineWidth',3,'MarkerSize',3,'MarkerEdgeColor',[128/256 128/256 127/256],'MarkerFaceColor', [255/256 211/256 32/256],'color', [191/256 79/256 75/256]); hold on;


    pcolor.red      = [255,66,14]/256;    pcolor.red2     = [255,113,31]/256;   pcolor.red3     = [236,42,45]/256;
    pcolor.blue     = [0,149,201]/256;    pcolor.blue2    = [114,214,238]/256;  pcolor.blue3    = [0,183,240]/256;  pcolor.blue4    = [0,192,192]/256;   pcolor.blue5    = [65,146,228]/256;
    pcolor.green    = [0,170,77]/256;     pcolor.green2   = [81,157,28]/256;    pcolor.green3   = [36,178,76]/256;  pcolor.green4   = [192,192,0]/256;   pcolor.green5   = [76,181,60]/256;
    pcolor.purple   = [143,76,178]/256;   pcolor.purple2  = [125,66,210]/256; pcolor.purple3  = [0,0,255]/256;
    pcolor.crimson  = [192,52,148]/256;   pcolor.crimson2 = [245,147,202]/256; pcolor.crimson3  = [212,22,118]/256;
    pcolor.orange   = [254,181,89]/256;   pcolor.orange2  = [255,129,0]/256;    pcolor.orange3  = [219,130,1]/256;
    pcolor.gray     = [128,128,127]/256;
    pcolor.yellow   = [255,204,51]/256;   pcolor.yellow2  = [248,235,46]/256;
    pcolor.pink     = [255,130,160]/256; pcolor.pink2 = [255,0,255]/255;
    pcolor.def      = [256,256,230]/256;
    pcolor.darkred = [191/256 79/256 75/256];
%     colors  = [];
%     
%     colors{1}=pcolor.orange3;
%     colors{2}=pcolor.gray   ;
%     colors{3}=pcolor.purple2;
%     colors{4}=pcolor.blue5  ;
%     colors{5}=pcolor.green ;
%     colors{6}=pcolor.pink2;
%     colors{7}=pcolor.yellow ;
%     colors{8}=pcolor.red;